1928002
1928004
1928006
1928012
1928014
1928016
1928017
1928019
1928021
1928022
1928032
1928041
1928045
1928046
1928047
1928049
1928053
1928058
1928062
1928063
1928065
1928066
1928068
1928069
1928070
1928078
1928079
1928080
1928081
1928083
1928084
1928088
1928089
1928090
1928091
1928092
1928093
1928097
1928108
1928110
1928112
1928113
1928115
1928120
1928123
1928124
1928127
1928129
1928134
1928135
1928136
1928138
1928147
1928148
1928157
1928159
1928160
1928171
1928177
1928184
1928188
1928192
1928196
1928202
1928203
1928210
1928214
1928216
1928220
1928221
1928223
1928225
1928229
1928231
1928232
1928256
1928259
1928274
1928276
1928277
1928290
1928308
1928313
1928335